***2D Rectangular Problem***
***Instances for the Multiple Stock Size Cutting Stock Problem (MSSCSP)***
Input parameter file: .\Format_input.txt
****************************************************************************************************
Total number of instances 
Number of different large objects (j)
LargeObject[j].Length	LargeObject[j].Width	LargeObject[j].Available	LargeObject[j].Value
Number of different item types (i)
Item[i].Length	Item[i].Width	Item[i].Demand
*****************************************************************************************************
10
13
159	160	53	21006
173	168	51	22501
162	153	52	23507
192	166	51	27663
162	158	53	14706
170	184	55	31053
181	168	50	28140
180	190	53	29065
160	180	51	26671
173	152	51	21064
191	147	51	21954
157	195	55	29867
186	180	54	17850
12
51	50	7
47	29	7
48	33	6
62	35	3
16	40	6
38	54	6
70	42	4
27	49	7
43	57	6
32	31	8
36	11	5
50	30	6
12
191	159	51	29762
192	174	53	23498
149	194	52	23083
189	179	51	28883
160	192	57	24831
121	139	56	14656
154	175	54	22498
192	170	54	25943
176	159	54	18658
173	155	57	22639
171	155	51	21622
171	129	55	15801
14
24	58	9
70	59	5
40	44	4
28	51	7
41	73	5
50	27	5
38	53	6
42	65	7
62	26	9
35	56	5
51	45	6
64	55	7
49	36	5
32	45	8
13
194	180	56	31136
168	181	54	29224
156	176	51	26614
173	160	52	26311
157	151	51	21586
180	188	50	32736
167	136	53	18916
191	189	51	27599
169	175	50	17249
180	193	53	23039
177	177	52	22824
182	158	52	15610
174	182	52	17807
13
40	52	8
49	36	5
31	18	6
53	39	6
30	55	5
34	18	6
39	58	11
24	52	5
40	36	5
21	28	6
67	49	5
50	65	5
49	32	4
13
169	194	51	26346
168	175	52	18628
190	140	54	16145
195	178	52	24895
183	181	51	18091
188	190	52	23962
173	198	52	30676
187	197	51	36425
183	173	52	29060
171	162	50	14775
164	179	56	18502
154	160	50	18855
166	172	51	27904
11
63	62	8
54	18	7
35	58	3
61	37	4
31	40	6
25	44	12
59	42	11
40	48	10
56	21	9
22	49	6
45	25	9
12
195	161	54	18846
171	193	56	31806
156	160	53	20858
178	169	53	23618
174	185	52	19330
163	197	53	20277
184	163	56	18758
173	195	53	28475
184	162	51	18249
185	147	51	18709
160	166	54	23781
180	187	53	17712
16
37	67	9
58	38	7
28	63	8
46	36	10
16	69	8
41	55	4
52	29	5
53	48	4
30	56	4
61	27	4
21	52	4
50	52	6
49	74	8
65	60	4
49	27	9
42	57	3
12
180	189	52	17890
150	167	55	16200
169	186	52	26375
162	171	50	18196
143	143	55	17668
167	135	52	11888
183	175	52	22545
188	192	51	26360
138	178	55	23651
162	130	55	17769
174	198	52	22916
171	134	53	13031
11
20	28	7
60	46	6
20	58	4
53	72	8
43	58	4
49	35	4
54	27	6
28	42	6
64	55	8
28	33	5
25	40	3
10
193	191	51	30417
176	188	51	31946
158	197	53	25839
159	191	55	21238
173	136	57	17763
151	162	53	22119
143	174	54	20871
187	149	54	21178
195	193	51	26176
162	168	54	24383
11
65	20	7
62	26	9
31	52	7
42	49	8
63	39	5
47	42	6
45	71	5
39	51	7
24	27	6
20	36	5
13	65	5
11
159	183	53	14863
126	156	55	10540
149	172	51	17429
164	189	52	27138
163	178	50	18620
183	153	53	21016
147	185	52	24542
146	158	50	16733
158	163	52	18728
192	186	57	33266
155	158	50	22243
14
41	27	8
72	49	9
21	56	6
49	47	5
57	32	5
38	69	4
54	56	4
67	36	3
70	69	7
22	64	7
31	48	6
49	66	4
63	62	7
20	21	9
11
170	152	54	19419
188	193	51	19903
179	197	57	23399
198	193	55	30043
181	142	52	16497
150	183	54	21433
166	176	51	16228
193	194	52	29500
179	171	56	21168
164	164	50	19678
175	181	51	20792
18
58	53	7
70	33	4
18	64	8
38	61	6
61	38	3
61	51	4
60	37	10
39	41	5
35	49	4
31	46	8
52	45	3
71	55	4
33	63	9
67	35	4
42	45	5
34	44	5
21	49	6
25	21	6
10
148	165	53	13715
154	188	54	20482
189	199	50	21174
179	165	55	18883
179	155	53	17138
163	135	50	18014
155	173	52	20371
189	192	56	27942
176	181	50	22697
139	178	54	21560
11
54	46	6
30	31	8
37	62	6
22	59	6
47	22	7
43	53	5
70	49	10
41	35	5
54	47	6
21	31	9
44	62	6
